reference	alignment_pos	frequence	depth
61	257	0.0019	1050
105	301	0.0019	1050
187	383	0.0057	1050
207	403	0.0038	1050
210	406	0.0029	1050
241	437	0.3114	1050
254	450	0.0019	1050
313	509	0.0067	1050
354	550	0.0019	1050
379	575	0.0019	1050
431	627	0.0019	1050
490	686	0.0019	1050
514	710	0.0276	1050
614	810	0.0019	1050
832	1028	0.0029	1050
865	1061	0.0019	1050
884	1080	0.0067	1050
915	1111	0.0029	1050
946	1142	0.0048	1050
1059	1255	0.0619	1050
1102	1298	0.0019	1050
1190	1386	0.0029	1050
1238	1434	0.0019	1050
1326	1522	0.0019	1050
1385	1581	0.0019	1050
1397	1593	0.0333	1050
1430	1626	0.0019	1050
1440	1636	0.0095	1050
1487	1683	0.0019	1050
1515	1711	0.0086	1050
1570	1766	0.0019	1050
1594	1790	0.0038	1050
1595	1791	0.0019	1050
1666	1862	0.0029	1050
1929	2125	0.0019	1050
2091	2287	0.0019	1050
2113	2309	0.0038	1050
2198	2394	0.0019	1050
2293	2489	0.0048	1050
2416	2612	0.0067	1050
2422	2618	0.0019	1050
2480	2676	0.0067	1050
2558	2754	0.0095	1050
2662	2858	0.0029	1050
2891	3087	0.0095	1050
3037	3233	0.3105	1050
3046	3242	0.0019	1050
3099	3295	0.0019	1050
3130	3326	0.0019	1050
3145	3341	0.0076	1050
3171	3367	0.0029	1050
3176	3372	0.0019	1050
3177	3373	0.0019	1050
3373	3569	0.0029	1050
3768	3964	0.0019	1050
3787	3983	0.0029	1050
3793	3989	0.0019	1050
3859	4055	0.0019	1050
3885	4081	0.0029	1050
3987	4183	0.0019	1050
4002	4198	0.0029	1050
4127	4323	0.0019	1050
4255	4451	0.0067	1050
4402	4598	0.0095	1050
5062	5258	0.0095	1050
5084	5280	0.0057	1050
5284	5480	0.0029	1050
5322	5518	0.0019	1050
5784	5980	0.0076	1050
5845	6041	0.0019	1050
5860	6056	0.0019	1050
5869	6065	0.0019	1050
6255	6451	0.0086	1050
6310	6506	0.0057	1050
6312	6508	0.0029	1050
6317	6513	0.0019	1050
6501	6697	0.0029	1050
7392	7588	0.0019	1050
8653	8850	0.0067	1050
8782	8979	0.3162	1050
9223	9420	0.0086	1050
9430	9627	0.0019	1050
9438	9635	0.0048	1050
9442	9639	0.0019	1050
9474	9671	0.0029	1050
9477	9674	0.0133	1050
9514	9711	0.0019	1050
9924	10122	0.0038	1050
9962	10160	0.0057	1050
10097	10295	0.0029	1050
10138	10336	0.0029	1050
10265	10463	0.0029	1050
10319	10517	0.0019	1050
10323	10521	0.0019	1050
10582	10780	0.0019	1050
10728	10926	0.0019	1050
10741	10939	0.0019	1050
11074	11272	0.0029	1050
11083	11282	0.1467	1050
11109	11308	0.0038	1050
11410	11609	0.0048	1050
11430	11629	0.0038	1050
11704	11903	0.0029	1050
12357	12556	0.0019	1050
12473	12672	0.0029	1050
12621	12820	0.0029	1050
12722	12921	0.0019	1050
12778	12977	0.0019	1050
13176	13375	0.0019	1050
13270	13469	0.0019	1050
13402	13601	0.0095	1050
13408	13607	0.0038	1050
13503	13702	0.0019	1050
13536	13735	0.0029	1050
13694	13893	0.0019	1050
13730	13929	0.0029	1050
13922	14121	0.0019	1050
13929	14128	0.0105	1050
13947	14146	0.0029	1050
14126	14325	0.0019	1050
14267	14466	0.0019	1050
14408	14607	0.3105	1050
14724	14923	0.0048	1050
14805	15004	0.0495	1050
15240	15439	0.0019	1050
15324	15523	0.0181	1050
15760	15959	0.0019	1050
15927	16126	0.0048	1050
16075	16274	0.0019	1050
16381	16580	0.0048	1050
16456	16655	0.0019	1050
16466	16665	0.0019	1050
16467	16666	0.0019	1050
16474	16673	0.0019	1050
16535	16734	0.0019	1050
16762	16961	0.0038	1050
16887	17086	0.0029	1050
16975	17174	0.0019	1050
16996	17195	0.0019	1050
17158	17357	0.0019	1050
17247	17446	0.0238	1050
17304	17503	0.0019	1050
17373	17572	0.0086	1050
17410	17609	0.0095	1050
17470	17669	0.0019	1050
17474	17673	0.0019	1050
17502	17701	0.0029	1050
17747	17946	0.1971	1050
17858	18057	0.1981	1050
17877	18076	0.0019	1050
18060	18259	0.2048	1050
18401	18600	0.0019	1050
18488	18687	0.0019	1050
18568	18767	0.0019	1050
18603	18802	0.0019	1050
18647	18846	0.0019	1050
18656	18855	0.0038	1050
18877	19076	0.0067	1050
18928	19127	0.0038	1050
19269	19468	0.0019	1050
19299	19498	0.0019	1050
19518	19717	0.0048	1050
19684	19883	0.0019	1050
19839	20038	0.0095	1050
20031	20230	0.0038	1050
20051	20250	0.0019	1050
20148	20347	0.0019	1050
20268	20467	0.0067	1050
20270	20469	0.0029	1050
20281	20480	0.0019	1050
20316	20515	0.0019	1050
20434	20633	0.0019	1050
20692	20891	0.0019	1050
20766	20965	0.0019	1050
20887	21086	0.0019	1050
21137	21336	0.0019	1050
21462	21661	0.0019	1050
21575	21774	0.0019	1050
21584	21783	0.0057	1050
21707	21906	0.0067	1050
21774	21973	0.0019	1050
21920	22119	0.0029	1050
21974	22173	0.0019	1050
22020	22219	0.0019	1050
22213	22412	0.0019	1050
22277	22476	0.0057	1050
22323	22522	0.0019	1050
22661	22863	0.0048	1050
22984	23186	0.0019	1050
22988	23190	0.0048	1050
23010	23212	0.0095	1050
23116	23318	0.0029	1050
23185	23387	0.0019	1050
23403	23605	0.3114	1050
23569	23771	0.0019	1050
23575	23777	0.0029	1050
23587	23789	0.0019	1050
23605	23807	0.0019	1050
23707	23909	0.0019	1050
23731	23933	0.0029	1050
23758	23960	0.0029	1050
23929	24131	0.0029	1050
23934	24136	0.0019	1050
24023	24225	0.0019	1050
24034	24236	0.0133	1050
24077	24279	0.0048	1050
24117	24319	0.0019	1050
24325	24527	0.0029	1050
24370	24572	0.0019	1050
24383	24585	0.0019	1050
24389	24591	0.0057	1050
24390	24592	0.0067	1050
24680	24882	0.0019	1050
24694	24896	0.0019	1050
24862	25064	0.0048	1050
24904	25106	0.0019	1050
25207	25409	0.0019	1050
25209	25411	0.0019	1050
25273	25475	0.0019	1050
25350	25552	0.0086	1050
25500	25702	0.0029	1050
25553	25755	0.0019	1050
25563	25765	0.0648	1050
25810	26012	0.0019	1050
25979	26181	0.0124	1050
26088	26290	0.0019	1050
26144	26346	0.0752	1050
26198	26400	0.0019	1050
26211	26413	0.0019	1050
26326	26528	0.0038	1050
26530	26732	0.0105	1050
26640	26842	0.0019	1050
26677	26879	0.0019	1050
26729	26931	0.0105	1050
26735	26937	0.0019	1050
26858	27060	0.0019	1050
26936	27138	0.0048	1050
27046	27248	0.0562	1050
27147	27349	0.0048	1050
27327	27529	0.0048	1050
27384	27586	0.0086	1050
27525	27727	0.0019	1050
27635	27837	0.0019	1050
27754	27956	0.0019	1050
27964	28166	0.0019	1050
28077	28279	0.0105	1050
28144	28346	0.3181	1050
28233	28435	0.0019	1050
28300	28502	0.0019	1050
28311	28513	0.0029	1050
28344	28546	0.0038	1050
28378	28580	0.0029	1050
28580	28782	0.0019	1050
28648	28850	0.0019	1050
28657	28859	0.0124	1050
28688	28890	0.0333	1050
28709	28911	0.0019	1050
28739	28941	0.0029	1050
28826	29028	0.0029	1050
28845	29047	0.0038	1050
28851	29053	0.0029	1050
28854	29056	0.0086	1050
28857	29059	0.0019	1050
28863	29065	0.0124	1050
28878	29080	0.0152	1050
28881	29083	0.1248	1050
28882	29084	0.1248	1050
28883	29085	0.1248	1050
28924	29126	0.0019	1050
29095	29297	0.0190	1050
29148	29350	0.0038	1050
29256	29458	0.0019	1050
29303	29505	0.0076	1050
29374	29576	0.0057	1050
29392	29594	0.0019	1050
29449	29651	0.0029	1050
29543	29745	0.0019	1050
29553	29755	0.0095	1050
29563	29765	0.0019	1050
29598	29800	0.0019	1050
29635	29837	0.0095	1050
29683	29885	0.0029	1050
29700	29902	0.0029	1050
29732	29934	0.0019	1050
29736	29938	0.0057	1050
29742	29944	0.0486	1050
29751	29995	0.0019	1050
29774	30018	0.0019	1050
